1415 2
0.38017 0.03548
0.25509 -0.02936
0.55748 0.05106
0.55441 0.04094
0.35581 0.03425
0.26024 -0.01006
0.41457 0.03727
0.43876 -0.07063
0.29078 -0.05036
0.5044 0.00353
0.53705 0.04192
0.18503 0.00259
0.10663 0.00103
0.28844 0.04113
0.15281 0.02078
0.05233 0.00551
0.08112 0.0762
0.08621 -0.01035
0.07402 -0.0263
0.06983 -0.00124
0.07704 0.02718
0.05098 -0.00465
0.08159 -0.05592
0.08512 0.06409
0.08992 -0.00063
0.09497 0.00212
0.08878 -0.01861
0.06476 -0.05781
0.06347 -0.01785
0.08193 0.01189
0.06122 -0.01103
0.08337 -0.01351
0.08789 0.0697
0.09164 0.00752
0.05224 -0.0431
0.09441 -0.00525
0.05926 0.0056
0.08516 -0.08724
0.09755 0.06555
0.06948 -0.01716
0.06516 0.01178
0.0796 0.01476
0.05229 0.01164
0.08353 0.00848
0.07728 -0.01804
0.09305 0.00263
0.09578 0.05118
0.09143 -0.00397
0.07668 0.00599
0.07021 -0.00788
0.09679 0.03017
0.07319 0.04848
0.09307 0.02974
0.09053 -0.02681
0.0784 0.04136
0.07288 0.03636
0.08619 0.02473
0.08614 0.08049
0.08529 -0.05699
0.08465 0.02763
0.06708 -0.00572
0.09517 -0.0388
0.06773 -0.01448
0.0863 0.05296
0.09232 -0.03961
0.07831 -0.01696
0.09332 -0.05946
0.05397 0.03608
0.09519 -0.00618
0.07309 0.04284
0.09228 0.02205
0.07159 -0.02993
0.07071 -0.00118
0.08119 -0.0351
0.05784 0.05169
0.06127 -0.02315
0.07413 0.02967
0.06426 -0.02158
0.0796 -0.00723
0.06644 -0.00267
0.0615 0.00448
0.09167 -0.00169
0.07535 0.00926
0.05098 0.00925
0.09853 0.03142
0.06436 -0.05931
0.0823 -0.05157
0.05641 0.00394
0.07835 -0.07426
0.0673 -0.04637
0.07433 0.01838
0.05818 -0.0063
0.07462 -0.01133
0.09876 0.03683
0.08014 0.08061
0.08211 -0.05539
0.09333 0.0121
0.05237 -0.03095
0.06843 -0.0108
0.09408 -0.01789
0.06348 -0.00929
0.06204 9e-04
0.09564 -0.02439
0.06955 -0.00673
0.09341 0.0294
0.0759 0.01586
0.07586 -0.02107
0.06718 0.03614
0.0833 -0.04379
0.05315 0.04351
0.08466 -0.03434
0.05742 0.03623
0.05394 -0.00923
0.0563 -0.014
0.05192 0.0242
0.04044 -0.08604
0.01458 0.03626
0.03151 -0.00231
0.01725 -0.01521
0.04114 0.02431
0.03817 0.02825
0.02752 0.04759
0.03295 -0.02972
0.02201 0.04933
0.03956 -0.02406
0.01881 -0.01108
0.04081 0.04728
0.03965 0.06535
0.02182 -0.00254
0.01645 -0.00224
0.02845 -0.00398
0.0384 -0.00111
0.02556 0.09412
0.02799 -0.02933
0.04359 0.01071
0.02315 0.05612
0.01195 -0.02833
0.02277 0.04425
0.04599 -0.05092
0.02351 -0.03746
0.04736 0.04968
0.02745 -0.05467
0.03732 -0.01023
0.02225 -0.01945
0.04111 -0.01029
0.01584 -0.0351
0.04919 -0.0071
0.02372 0.01711
0.04228 0.04709
0.01412 0.01779
0.02511 -0.01226
0.01509 0.03035
0.02363 -0.04635
0.03798 0.0063
0.02289 0.01022
0.03476 -0.00979
0.03329 -0.06541
0.03167 -0.00739
0.03456 -0.00531
0.02976 0.02667
0.02161 -0.00623
0.03427 -0.04658
0.02588 -0.05826
0.01224 -0.03334
0.03231 -0.00688
0.04472 0.08649
0.01787 0.03566
0.03004 -0.0376
0.04099 0.03555
0.04608 -0.01782
0.04587 0.02308
0.03386 -0.05609
0.0268 -0.01148
0.03316 0.06825
0.04645 0.02488
0.04778 -0.0296
0.01705 0.00824
0.02238 0.02633
0.02053 -0.00951
0.04238 0.01909
0.01681 -0.02243
0.01333 0.00935
0.015 0.07049
0.03176 -0.05122
0.03929 0.0951
0.01082 0.01078
0.04473 0.01491
0.01403 -0.01092
0.04603 0.04407
0.02269 0.00317
0.03128 -0.02446
0.0448 0.01016
0.02258 0.00678
0.04729 -0.07873
0.04048 0.01926
0.0159 0.02044
0.03702 -0.01466
0.04836 0.00185
0.03463 -0.01573
0.01028 0.06908
0.02694 -0.0102
0.04952 0.01902
0.02227 0.0484
0.02872 -0.02129
0.03889 -0.02002
0.03628 -0.04376
0.02159 -0.03559
0.01915 0.02022
0.0352 -0.02462
0.02894 -0.02461
0.03468 0.0221
0.04553 0.04047
0.04251 0.04515
0.04725 0.01312
0.02401 0.04932
0.02463 -0.03578
0.04257 -0.04944
0.0102 0.07829
0.0361 0.04124
0.0219 0.01916
0.04872 0.02853
0.01682 -0.03075
0.03552 -0.01313
0.02503 -0.05356
0.01163 0.01498
0.02801 -0.01413
0.04713 -0.01043
0.01766 0.00745
0.02893 0.01535
0.04469 -0.02475
0.03596 0.0222
0.04141 -0.03636
0.01749 0.01412
0.01055 0.00763
0.04251 0.02151
0.04197 -0.02446
0.01496 0.03894
0.01335 -0.02756
0.03724 0.02032
0.04362 0.00096
0.01447 0.04503
0.0362 -0.02392
0.03479 0.00179
0.04993 0.05444
0.01321 0.0371
0.03508 -0.02728
0.04852 0.06144
0.01262 -0.00485
0.01123 0.01635
0.0176 -0.02319
0.04793 0.07389
0.01477 0.00016
0.03637 -0.05905
0.03103 -0.0423
0.02513 -0.0517
0.02666 -0.00852
0.04526 0.03072
0.01823 0.01646
0.01317 -0.00975
0.02304 -0.03867
0.04676 -0.01803
0.04074 0.04243
0.03393 0.01792
0.03317 -0.04187
0.01447 -0.05096
0.0479 0.05572
0.01323 0.02624
0.02163 -0.00149
0.04509 -0.01125
0.04266 0.03085
0.02613 0.05072
0.0172 -0.03846
0.04359 -0.01057
0.01223 0.0782
0.03178 0.00238
0.02688 0.05432
0.01127 0.00267
0.04222 -0.01818
0.04065 0.01932
0.03444 0.01151
0.01317 -0.08172
0.01578 0.022
0.02062 0.01037
0.0478 -0.05873
0.01836 -0.04618
0.0149 -0.01432
0.03605 -0.00925
0.0399 0.02965
0.01654 -0.01483
0.0137 0.03561
0.04189 -0.02303
0.01272 0.03241
0.02977 -0.01229
0.03425 0.00428
0.01582 0.01165
0.03791 -0.04484
0.04922 0.06997
0.02858 -0.06566
0.02832 0.0184
0.01804 0.06328
0.02505 -0.01334
0.03448 -0.00221
0.01847 0.0088
0.01948 0.04286
0.0126 -0.07434
0.01938 -0.04548
0.02508 -0.04601
0.04607 -0.02787
0.01585 0.04849
0.02151 -0.06545
0.04273 -0.04994
0.01049 -0.01145
0.01788 -0.00155
0.01238 0.04086
0.01259 -0.05631
0.02198 0.01586
0.02052 0.0331
0.02913 -0.00809
0.04408 0.0412
0.01337 -0.05215
0.01016 0.01744
0.04593 0.01121
0.03886 0.00634
0.03079 0.02716
0.03209 0.02648
0.01867 -0.00624
0.04264 0.04801
0.03444 0.01144
0.03673 0.06797
0.03384 0.02083
0.01932 0.0444
0.02114 0.04705
0.01707 0.00026
0.02693 -0.00141
0.02195 -0.00206
0.02053 -0.04783
0.04476 0.04658
0.03469 -0.01924
0.01078 -0.03421
0.01929 0.06163
0.04399 0.00824
0.04909 0.02147
0.01274 -0.02123
0.01267 -0.03271
0.02606 -0.0345
0.0246 0.03113
0.0439 -0.07652
0.03361 -0.04842
0.01322 -0.06166
0.02454 -0.00355
0.03766 -0.02542
0.03086 -0.03916
0.04661 -0.02888
0.02174 -0.02847
0.02603 0.0466
0.01963 -0.02562
0.0402 -0.00098
0.03195 0.08242
0.01533 0.00686
0.01772 -0.04036
0.02283 0.05814
0.03767 0.08258
0.01709 -0.02631
0.01697 -0.03964
0.04601 0.01736
0.02756 0.05766
0.02079 0.00662
0.0304 -0.03895
0.01489 0.00342
0.01344 0.05866
0.02944 -0.02332
0.02463 0.02134
0.01144 -0.00741
0.02255 0.04664
0.04797 -0.00246
0.03444 -0.06184
0.02662 0.01966
0.01401 0.00401
0.0115 0.06318
0.01815 -0.03199
0.02931 -0.0227
0.01694 0.04319
0.0402 -0.0055
0.02923 -0.07013
0.0231 -0.0085
0.02088 -0.02681
0.02699 -0.01721
0.03706 0.01728
0.02908 0.00954
0.01729 0.03504
0.03401 -0.00466
0.04091 0.02477
0.02384 -0.00974
0.02979 0.01851
0.01201 -0.01105
0.04127 -0.01836
0.04525 -0.06259
0.0264 0.00892
0.04366 0.00888
0.02756 -0.01544
0.0407 -0.05718
0.01686 0.04686
0.038 -0.00178
0.04592 -0.06837
0.0334 0.01288
0.01838 -0.01944
0.04355 -0.02913
0.02549 -0.05712
0.01769 -0.00766
0.04365 0.01194
0.03915 0.02004
0.02588 -0.02144
0.03985 0.00704
0.03474 0.02804
0.02401 0.0143
0.00855 0.0247
0.00473 0.07173
0.00377 -0.01377
0.00365 -0.0233
0.00921 -0.03848
0.0037 -0.01754
0.00611 -0.04209
0.00904 0.01778
0.00416 -0.05362
0.00487 0.00253
0.00234 0.03373
0.00247 -0.03602
0.00662 -0.03579
0.00923 0.00341
0.00515 0.01515
0.009 0.01221
0.00102 0.01632
0.00615 0.06059
0.00179 0.0075
0.0068 -0.04956
0.00963 0.01507
0.00931 -0.06912
0.00346 0.05651
0.00948 0.00441
0.0016 0.04903
0.00711 0.05691
0.00486 -0.07706
0.00873 -0.0599
0.00695 -0.0336
0.00104 -0.01267
0.00479 -0.0225
0.00339 -0.0019
0.0018 0.00039
0.00727 0.04753
0.00715 0.01434
0.00262 -0.04175
0.00252 0.00932
0.00239 -0.01034
0.00103 -0.03762
0.00531 0.03101
0.00568 -0.04301
0.005 0.01616
0.008 -0.01964
0.00912 0.03408
0.00645 0.02078
0.00663 -0.04782
0.0032 0.03377
0.00198 0.01552
0.00338 0.01012
0.00366 0.00417
0.0018 -0.04126
0.00725 0.00783
0.00991 -0.08006
0.00366 0.03446
0.00672 0.08606
0.00644 -0.07932
0.00427 0.00258
0.00818 -0.05619
0.00359 0.07255
0.00574 0.01333
0.00823 0.02347
0.00379 0.05687
0.00775 0.03795
0.00225 -0.03495
0.00882 -0.01576
0.005 0.0266
0.00534 -0.01496
0.00448 -0.00382
0.00423 -0.01657
0.0031 0.04642
0.00658 0.06439
0.00868 0.03261
0.00495 0.01802
0.00248 0.02529
0.00915 -0.01201
0.00396 0.02024
0.00507 -0.00056
0.00426 -0.02011
0.00592 -0.07792
0.00815 0.00232
0.00134 0.05163
0.00884 -0.03327
0.0086 0.10133
0.00722 0.01545
0.00659 -0.04725
0.00157 -0.05035
0.00627 -0.01987
0.00554 0.01158
0.00984 -0.0153
0.00932 0.01232
0.00376 0.00346
0.00107 0.01943
0.008 -0.02292
0.00321 -0.02381
0.00529 -0.03656
0.00576 -0.00355
0.00405 -0.02685
0.00907 0.05921
0.00871 -0.01726
0.00233 0.02381
0.00687 -0.01885
0.00373 -0.02373
0.00576 0.05911
0.00105 -0.0207
0.00293 0.01127
0.00922 -0.01105
0.00622 0.01873
0.00753 0.09612
0.00663 0.00147
0.0062 -0.01348
0.00863 -0.01198
0.00497 -0.06933
0.0055 -0.06166
0.00828 0.00301
0.00553 0.02187
0.00109 0.02773
0.00936 0.00459
0.00657 0.02913
0.00947 0.04255
0.00542 0.00491
0.00495 -0.00454
0.00612 0.03845
0.00673 0.02121
0.00765 0.10183
0.00643 0.07099
0.00594 -0.04856
0.00776 0.04575
0.00241 -0.02357
0.00459 -0.02178
0.00258 -0.01115
0.00936 0.05443
0.00884 0.03361
0.00318 0.07392
0.0019 0.00105
0.00386 -0.026
0.00494 -0.05168
0.00868 0.0292
0.00754 0.00876
0.00499 -0.00509
0.00906 -0.09124
0.00598 -0.01189
0.00883 0.01291
0.00382 0.00329
0.00643 -0.01186
0.00163 0.0215
0.00296 -0.04728
0.00745 -0.07331
0.00926 0.07821
0.00122 0.01988
0.00999 -0.06087
0.00778 0.00816
0.00454 -0.04929
0.00468 0.06692
0.0011 0.01607
0.00203 -0.0443
0.00415 0.00431
0.00348 0.01929
0.00819 -0.00504
0.00176 0.01723
0.00117 0.01879
0.00554 -0.02111
0.00503 0.10476
0.00374 0.0604
0.00852 0.05007
0.00108 -0.02967
0.00674 -0.05876
0.00832 0.04189
0.0081 0.01266
0.00128 0.03306
0.00292 -0.10308
0.00447 -0.01162
0.00229 -0.02451
0.0012 -0.02014
0.00212 -0.02203
0.00829 -0.02831
0.00701 0.00931
0.00342 -0.0712
0.00586 -0.00135
0.00612 0.01741
0.00112 -0.01843
0.00805 0.0523
0.00223 -2e-05
0.00394 0.05807
0.00635 0.00732
0.00566 -0.03628
0.00228 0.03391
0.0027 0.00037
0.00888 0.0095
0.00263 0.02149
0.00156 0.01895
0.00607 0.01433
0.00509 0.06612
0.00863 0.00381
0.00942 0.08706
0.00959 -0.05946
0.00102 0.06301
0.00521 0.05859
0.0087 0.02572
0.00363 0.07982
0.00232 -0.03178
0.0039 0.03122
0.00377 0.0697
0.00645 0.04362
0.00853 0.01122
0.00627 -0.00819
0.0061 0.02563
0.00377 0.0125
0.00478 -0.00554
0.00932 0.05445
0.00424 0.02324
0.00719 0.02441
0.00562 -0.04862
0.00773 -0.03857
0.00158 0.00768
0.00107 0.0176
0.00193 0.01292
0.0058 -0.08731
0.0089 -0.03167
0.00978 0.03495
0.00358 0.02618
0.0025 0.04013
0.00362 0.01108
0.00919 -0.04274
0.00591 0.03994
0.00267 0.01352
0.00355 -0.02559
0.00617 -0.05702
0.00962 -0.0185
0.00827 0.00167
0.00181 -0.01188
0.00753 0.03942
0.00584 -0.02275
0.00159 -0.04829
0.00948 0.04578
0.00642 0.00826
0.00561 -0.02807
0.00727 -0.02306
0.00351 -0.00891
0.004 0.0059
0.00655 -0.04523
0.0043 -0.01023
0.00518 -0.05854
0.00265 -0.00819
0.00388 0.0113
0.00929 0.02959
0.00926 0.03641
0.00903 0.01524
0.00992 -0.01482
0.00526 -0.02821
0.00987 -0.03875
0.00485 -0.01
0.00514 -0.01088
0.00408 0.00713
0.0065 -0.02719
0.00962 0.01925
0.00526 -0.02449
0.00957 0.03036
0.00151 0.02678
0.00522 -0.0172
0.00752 -0.06172
0.00995 0.04792
0.00416 0.0284
0.00553 0.00676
0.00961 0.02189
0.00721 -0.10637
0.00748 -0.01941
0.0024 -0.0332
0.00163 -0.00834
0.00239 -0.01826
0.00907 -0.02449
0.00729 -0.02424
0.0077 -0.0053
0.00404 -0.02865
0.00606 -0.04342
0.00956 -0.04169
0.00703 0.00311
0.00271 -0.00564
0.0045 -0.02752
0.00936 0.07214
0.00636 0.00766
0.00121 0.01926
0.00939 -0.02816
0.00152 0.06168
0.00966 0.01375
0.00684 -0.0473
0.00823 0.02459
0.00668 0.03426
0.00549 -0.05915
0.00787 0.00202
0.00328 -0.00334
0.00485 0.00421
0.0067 -0.04641
0.00897 0.00686
0.00992 0.01802
0.00176 -0.04745
0.0016 -0.02719
0.00973 -0.00704
0.00798 0.00271
0.00954 -0.03213
0.00823 0.01543
0.00205 0.03542
0.00748 -0.02264
0.00703 0.02511
0.00841 0.01839
0.00523 0.05051
0.00907 0.01797
0.00886 0.00569
0.00923 0.03039
0.00346 -0.00987
0.00573 0.03207
0.00535 -0.02438
0.002 -0.02831
0.00973 0.01321
0.00227 0.01215
0.00622 0.09096
0.00507 0.02938
0.00849 0.00747
0.00151 -0.00116
0.00892 0.02594
0.00779 0.00348
0.00881 -0.01451
0.0014 0.00708
0.00952 -0.00948
0.00476 -0.02156
0.00616 -0.00024
0.00988 -0.02819
0.00154 -0.04046
0.00184 0.00234
0.00798 -0.00828
0.00976 -0.05999
0.0021 -0.00329
0.00469 0.04411
0.00425 -0.0175
0.00109 0.03297
0.0096 -0.00646
0.00569 -0.00481
0.00221 -0.03978
0.00673 0.03417
0.00407 0.09023
0.00975 -0.03784
0.00404 0.01189
0.00386 0.0759
0.0096 -0.03351
0.00241 -0.03329
0.00918 -0.00859
0.00372 -0.03464
0.00825 -0.01152
0.00422 -0.04802
0.00585 0.04634
0.00716 0.01985
0.00193 0.05472
0.00575 0.01525
0.00533 -0.06141
0.00154 0.039
0.00302 0.04337
0.0086 0.01847
0.00107 0.03786
0.00569 -0.08038
0.00406 0.00286
0.00448 -0.01073
0.00401 -0.01128
0.00629 0.02628
0.00233 -0.00966
0.0048 -0.03285
0.0084 -0.01392
0.00818 0.05318
0.00517 0.03011
0.00304 0.00352
0.00453 -0.01724
0.0058 -0.04693
0.0089 0.02037
0.00445 0.06881
0.0018 -0.00508
0.00128 -0.00295
0.00197 0.02802
0.00923 -0.01568
0.00209 0.03233
0.00771 -0.06351
0.00256 -0.0188
0.0032 -0.01265
0.00346 0.0146
0.00518 0.00017
0.00585 0.05565
0.00905 -0.00043
0.00232 0.02344
0.00876 -0.02856
0.00549 -0.01408
0.00212 0.00928
0.00244 -0.03988
0.00386 0.04034
0.00884 0.00146
0.00971 -0.00502
0.00653 -0.04175
0.00676 0.00614
0.0016 -0.04968
0.00245 0.0883
0.00762 -0.04388
0.00697 -0.0171
0.0046 0.00236
0.00345 0.08608
0.0011 -0.00343
0.00458 -0.05217
0.00262 0.00863
0.00479 -0.05998
0.00194 -0.04756
0.00406 0.04725
0.00855 0.02184
0.00275 -0.05404
0.00357 -0.02905
0.00543 0.08808
0.00754 -0.02714
0.00519 -0.03872
0.00792 -0.01098
0.00122 0.03415
0.00438 -0.04454
0.00574 -0.07686
0.00417 -0.06667
0.0034 -0.03428
0.00773 -0.02542
0.0042 -0.04287
0.0029 0.01944
0.00834 0.00393
0.00916 0.014
0.00239 -0.04156
0.00206 -0.05234
0.00593 -0.00541
0.006 -0.00567
0.00433 -0.01153
0.006 0.01762
0.00286 0.02814
0.00754 -0.01251
0.00782 0.0109
0.00742 -0.00614
0.00255 0.05104
0.00818 -0.00488
0.0059 0.07732
0.00457 -0.02314
0.00207 0.01142
0.009 0.05551
0.00462 0.00526
0.00916 -0.01046
0.00398 0.01717
0.00376 0.02369
0.00484 0.01054
0.00971 -0.03128
0.00305 -0.00621
0.00129 -0.01068
0.00845 0.04112
0.00471 0.03685
0.00396 -0.05061
0.00258 -0.04988
0.00635 0.01715
0.00532 0.00287
0.00582 0.06
0.008 0.04217
0.00159 0.01967
0.00578 0.0528
0.00707 0.00453
0.00114 0.0217
0.00461 -0.05261
0.00408 0.01185
0.00776 -0.03426
0.00521 -0.04321
0.00777 0.00929
0.0031 0.01504
0.00293 0.02697
0.00107 0.01156
0.00952 -0.00653
0.00213 -0.04482
0.00255 -9e-05
0.00608 -0.0689
0.00257 -0.0083
0.00464 -0.02591
0.0057 0.02934
0.00983 -0.02916
0.0057 0.00695
0.00702 -0.02658
0.00486 -0.02891
0.00368 -0.05276
0.0093 -0.02687
0.00333 -0.03565
0.00137 -0.04988
0.00322 0.00821
0.00867 0.05327
0.0016 -0.0023
0.00711 -0.03506
0.00399 -0.00294
0.00187 0.01199
0.00907 0.02509
0.00987 -0.00529
0.00934 0.04964
0.00751 -0.01524
0.00659 0.01518
0.00445 -0.06989
0.0082 0.01373
0.00879 0.04112
0.00962 0.03013
0.00532 0.0822
0.00799 -0.02889
0.0019 0.04284
0.00992 0.02164
0.00869 0.05594
0.00321 -0.02184
0.00821 -0.01451
0.00865 -0.01785
0.00368 -0.00997
0.00189 -0.00917
0.00364 0.03588
0.00894 0.02011
0.00491 0.02163
0.00942 0.01834
0.0099 0.0258
0.00321 -0.00348
0.00556 -0.01548
0.00336 -0.01832
0.00983 0.0313
0.00746 -0.04931
0.00567 0.04457
0.00202 -0.01143
0.00901 -0.01648
0.00379 -0.04051
0.0048 0.05012
0.00971 -0.03099
0.00591 -0.03529
0.00114 -0.01716
0.00862 -0.03409
0.00221 0.0182
0.00597 0.03002
0.00481 0.01198
0.00438 0.03155
0.00125 0.05375
0.00582 -0.00552
0.00739 -0.03105
0.0076 0.07879
0.00684 -0.05256
0.00276 -0.0315
0.00432 0.02491
0.0078 -0.03157
0.00833 -0.03888
0.00592 0.01069
0.00285 -0.01931
0.00562 -0.01735
0.00799 -0.01896
0.00928 -0.02806
0.00757 -0.01566
0.00181 0.01519
0.00944 0.00281
0.00125 0.02043
0.00175 -0.07536
0.00195 0.07025
0.00151 -0.01849
0.00305 -0.01838
0.00473 0.02777
0.0053 -0.01448
0.00842 -0.01486
0.00497 0.003
0.00181 0.07973
0.00546 -0.04239
0.00245 -0.07156
0.00863 0.00425
0.00636 -0.00583
0.00224 -0.08636
0.00407 -0.05072
0.00771 -0.06295
0.0043 -0.09929
0.00341 -0.00379
0.00784 0.00654
0.00865 0.03578
0.00758 -0.00364
0.0048 0.01594
0.00351 -0.05925
0.0089 0.02546
0.00453 -0.02213
0.00876 0.0017
0.00853 0.04037
0.00723 0.0206
0.00258 -0.0275
0.00231 0.02059
0.00959 -0.02354
0.00752 0.02727
0.00735 0.0032
0.00759 0.01571
0.00545 0.01662
0.0039 0.00085
0.00803 0.04134
0.00552 0.00982
0.00323 0.04537
0.0093 0.00071
0.00332 0.06852
0.00449 0.04448
0.00834 0.01116
0.00133 0.00501
0.00605 0.0262
0.00916 0.04701
0.0018 -0.00935
0.00128 0.00482
0.00866 -0.02948
0.00631 0.04725
0.00698 0.00478
0.0019 0.01584
0.0071 -0.05958
0.0086 0.02757
0.00925 -0.06054
0.00856 0.0511
0.00563 -0.09181
0.00129 0.03497
0.00914 -0.00972
0.00494 -0.00844
0.00775 -0.00242
0.00499 -0.07721
0.00623 0.01362
0.00804 0.01152
0.00594 0.07815
0.00763 -0.02871
0.00865 -0.0525
0.00663 -0.0702
0.0098 -0.0038
0.00409 -0.02723
0.00551 -0.00195
0.00592 -0.03956
0.00662 -0.00458
0.00122 -0.02822
0.00402 0.00327
0.00724 0.02333
0.00914 0.02587
0.00532 -0.03993
0.00794 -0.04388
0.00487 -0.04729
0.0092 -0.00334
0.0055 0.01335
0.00558 -0.07828
0.00222 0.04704
0.00114 -0.04964
0.00838 -0.00637
0.00259 0.04559
0.00205 -0.03626
0.00161 0.00105
0.0062 -0.01309
0.00824 -0.01149
0.00356 0.02352
0.00272 0.03723
0.00959 0.0119
0.0012 0.01005
0.00339 -0.00793
0.00563 0.02279
0.0093 0.05148
0.00588 -0.00469
0.00708 -0.03035
0.0036 -0.08103
0.00271 -0.00516
0.00901 -0.04149
0.00996 0.03581
0.00273 0.02429
0.00697 0.06676
0.00923 -0.05662
0.00287 -0.04605
0.00969 -0.04708
0.00622 0.03672
0.00361 0.02634
0.00341 0.06083
0.0073 -0.02509
0.00425 -0.00777
0.00524 -0.01921
0.00949 -0.00103
0.00415 -0.03186
0.00278 -0.06949
0.00848 -0.05869
0.00393 -0.06831
0.00133 0.05199
0.00502 0.08676
0.00716 0.03948
0.0055 -0.05135
0.00525 0.02499
0.00715 -0.01291
0.00619 -0.00576
0.00928 0.00822
0.00677 0.00291
0.00349 0.08598
0.00278 -0.07919
0.0088 -0.02347
0.00369 -0.02566
0.00256 0.04119
0.00162 0.00123
0.00396 0.04909
0.00236 0.04518
0.00495 0.02503
0.00746 -0.00942
0.0048 0.04399
0.00701 0.03758
0.00274 0.04733
0.00903 0.05721
0.00736 0.02432
0.00684 -0.01557
0.00855 0.01186
0.00941 -0.03014
0.00928 0.01513
0.00771 -0.03682
0.00919 -0.025
0.00651 0.00722
0.00104 -0.02404
0.00924 -0.04664
0.009 0.02607
0.00689 0.02163
0.00859 -0.02885
0.00606 0.02962
0.00944 0.02233
0.00341 0.06786
0.00279 -0.02676
0.00106 0.03478
0.00746 0.03724
0.00969 0.03708
0.00954 -0.04722
0.00428 0.04327
0.00387 0.05085
0.00436 -0.04203
0.00813 0.03719
0.00842 -0.03559
0.00868 0.0459
0.00494 0.01021
0.00894 -0.04772
0.00873 -0.00611
0.00911 0.02535
0.0056 2e-04
0.00576 -0.02855
0.00393 0.00815
0.00261 0.04488
0.00711 -0.06166
0.00574 -0.08549
0.00485 -0.02794
0.00321 -0.03064
0.00927 0.00747
0.00143 -0.01541
0.0045 0.01287
0.00189 -0.01666
0.00813 -0.00943
0.00504 -0.05979
0.00757 0.01638
0.00919 -0.06766
0.00407 0.0171
0.00265 -0.0238
0.00201 -0.0085
0.00178 0.01947
0.00746 0.01172
0.00216 -0.03125
0.00251 0.0226
0.00992 -0.07068
0.00372 0.12934
0.00638 -0.04514
0.00713 -0.03836
0.00228 0.03668
0.00651 0.03909
0.00391 -0.03448
0.00702 -0.01159
0.00438 0.01951
0.00731 -0.0831
0.00913 0.01235
0.00947 0.0392
0.00661 0.00224
0.00328 -0.02699
0.00586 0.01418
0.00644 0.01145
0.0055 0.13293
0.00277 0.00524
0.00501 -0.01826
0.00856 0.03893
0.00836 0.01795
0.00536 0.03302
0.00625 0.02593
0.00768 0.05509
0.00952 -0.05034
0.00321 0.01547
0.00391 -0.03418
0.00165 -0.00207
0.00718 -0.00028
0.00697 0.01648
0.00261 0.04335
0.00209 -0.01236
0.00718 0.08114
0.00484 0.02864
0.00834 0.04512
0.00258 -0.00275
0.00898 -0.00232
0.00442 0.01812
0.00861 0.03587
0.00865 0.02591
0.00264 0.04127
0.00581 -0.01151
0.00261 0.01855
0.00169 -0.02826
0.00544 -0.04608
0.00647 0.0632
0.00893 0.00573
0.00115 -0.00229
0.00306 0.03021
0.00757 0.01167
0.01 -0.04942
0.00689 0.04131
0.00287 -0.01768
0.00717 -0.0067
0.00103 0.02179
0.00203 -0.01957
0.0053 0.02874
0.0084 0.01073
0.00435 -0.01266
0.00614 0.02433
0.00675 -0.02785
0.00123 -0.01236
0.00608 -0.0151
0.00425 -0.06467
0.00147 0.04152
0.00813 0.00184
0.00976 -0.07285
0.00323 0.03069
0.00364 0.10669
0.00309 0.03142
0.00518 -0.03107
0.00773 -0.0629
0.00481 -0.01965
0.00259 -0.01135
0.00319 -0.03724
0.00724 0.01392
0.00977 0.01397
0.00808 -0.00434
0.00104 0.00917
0.00335 -0.0042
0.00366 -0.01357
0.0051 -0.00596
0.00241 0.02308
0.00786 0.00812
0.00487 -0.03189
0.0039 0.00841
0.00458 -0.01756
0.0044 -0.05267
0.00547 -0.03175
0.00761 0.01485
0.00692 -0.01263
0.00533 0.05169
0.00376 -0.01365
0.00388 0.0517
0.0083 -0.04976
0.00783 0.01743
0.00256 0.02063
0.00761 -0.04256
0.00681 0.03274
0.00368 -0.04301
0.00634 -0.00607
0.00701 -0.03198
0.00862 -0.03234
0.00407 -0.04844
0.00695 -0.02701
0.00825 0.05065
0.0089 -0.05792
0.00437 -0.01287
0.00859 0.01993
0.00586 -0.01127
0.00814 0.02518
0.00241 0.01852
0.00343 0.00768
0.00801 -0.06456
0.00653 0.00262
0.0068 -0.01254
0.00698 0.02485
0.00669 -0.05234
0.00122 -0.02842
0.00109 -0.03204
0.00658 -0.03864
0.0096 -0.06447
0.00794 0.0409
0.0054 -0.04509
0.00317 0.03091
0.00788 0.02541
0.00635 -0.01169
0.00526 0.01342
0.00785 -0.03037
0.00563 0.07019
0.00362 0.03333
0.00473 -0.06529
0.00659 0.00291
0.00212 0.06451
0.00802 0.01686
0.00535 -0.0105
0.00206 -0.02833
0.00393 0.0273
0.00843 -0.00689
0.00528 -0.00785
0.00673 -0.01074
0.00898 -0.00369
0.00481 0.0836
0.00977 0.04457
0.00787 -0.04271
0.00178 -0.05093
0.0082 -0.04397
0.00421 0.01245
0.00882 0.00039
0.00197 -0.03127
0.0074 -0.05027
0.00352 -0.04885
0.00589 -0.0421
0.00321 0.04292
0.00854 0.03696
0.00184 -0.01165
0.00697 -5e-05
0.00882 -0.00108
0.00104 0.0041
0.00752 -0.08198
0.00971 0.11
0.00818 0.00973
0.00391 0.02576
0.00511 -0.01371
0.00999 -0.04876
0.00705 0.05113
0.00932 -0.01741
0.00295 -0.02778
0.00569 -0.01637
0.00458 -0.00623
0.0033 -0.07908
0.00455 -0.03315
0.00225 0.00638
0.00145 0.00137
0.00101 -0.00339
0.00895 0.0021
0.00133 0.06197
0.009 -0.00517
0.00872 -0.006
0.00704 -0.02552
0.0066 -0.00079
0.00729 0.00703
0.00578 -0.03908
0.00803 -0.00439
0.00185 -0.01324
0.0071 0.03578
0.00835 -0.00781
0.00819 -0.06127
0.00302 0.02791
0.00129 -0.00625
0.00994 -0.01833
0.00918 -0.02284
0.00563 -0.01619
0.00556 -0.04897
0.0069 -0.02045
0.00446 0.01433
0.00581 0.01597
0.00505 -0.04745
0.00281 0.03647
0.00179 -0.02179
0.00747 -0.01303
0.00981 0.01976
0.00917 -0.0366
0.00267 0.00156
0.00581 -0.00542
0.007 0.01549
0.00429 0.00453
0.00737 -0.03764
0.00552 -0.02338
0.00447 -0.00908
0.00126 0.03902
0.00124 0.00285
0.00806 -0.0208
0.00184 -0.02419
0.0054 -0.05818
0.00121 0.00055
0.00346 -0.06204
0.00632 -0.01111
0.00456 -0.07299
0.00152 0.05239
0.00144 0.03692
0.00337 -0.01409
0.00828 -0.0542
0.00604 -0.03733
0.00568 0.03862
0.00422 0.03566
0.0064 0.01854
0.0035 -0.0558
0.00831 -0.01223
0.00188 -0.05719
0.00327 -0.0204
0.00827 -0.02338
0.00215 -0.00734
0.00936 0.00544
0.00142 -0.04419
0.00498 -0.04991
0.00454 0.07004
0.00727 0.00503
0.00263 -0.03113
0.00857 0.01758
0.00902 0.03921
0.00493 0.02717
0.00648 -0.02751
0.00111 0.02634
0.00646 -0.0028
0.00965 -0.01801
0.00247 -0.00524
0.00543 0.02209
0.00991 0.03016
0.00644 0.02357
0.00664 0.05617
0.00876 -0.02035
0.0089 0.02439
0.00966 -0.05503
0.00811 -0.04171
