1415 2
0 0.03548
1 -0.02936
0 0.05106
1 0.04094
1 0.03425
0 -0.01006
0 0.03727
0 -0.07063
0 -0.05036
0 0.00353
0 0.04192
0 0.00259
0 0.00103
1 0.04113
0 0.02078
0 0.00551
0 0.0762
0 -0.01035
0 -0.0263
0 -0.00124
1 0.02718
0 -0.00465
0 -0.05592
0 0.06409
0 -0.00063
0 0.00212
0 -0.01861
0 -0.05781
0 -0.01785
1 0.01189
0 -0.01103
0 -0.01351
0 0.0697
0 0.00752
0 -0.0431
0 -0.00525
0 0.0056
0 -0.08724
1 0.06555
0 -0.01716
0 0.01178
0 0.01476
0 0.01164
1 0.00848
0 -0.01804
0 0.00263
0 0.05118
0 -0.00397
0 0.00599
0 -0.00788
0 0.03017
1 0.04848
0 0.02974
0 -0.02681
0 0.04136
0 0.03636
0 0.02473
0 0.08049
0 -0.05699
0 0.02763
0 -0.00572
0 -0.0388
0 -0.01448
0 0.05296
1 -0.03961
0 -0.01696
0 -0.05946
0 0.03608
0 -0.00618
0 0.04284
0 0.02205
0 -0.02993
0 -0.00118
0 -0.0351
0 0.05169
0 -0.02315
0 0.02967
0 -0.02158
0 -0.00723
0 -0.00267
0 0.00448
1 -0.00169
1 0.00926
0 0.00925
0 0.03142
0 -0.05931
0 -0.05157
0 0.00394
0 -0.07426
0 -0.04637
0 0.01838
0 -0.0063
0 -0.01133
0 0.03683
0 0.08061
0 -0.05539
1 0.0121
0 -0.03095
0 -0.0108
0 -0.01789
0 -0.00929
0 9e-04
0 -0.02439
0 -0.00673
0 0.0294
0 0.01586
0 -0.02107
0 0.03614
0 -0.04379
0 0.04351
0 -0.03434
1 0.03623
0 -0.00923
0 -0.014
0 0.0242
0 -0.08604
0 0.03626
0 -0.00231
0 -0.01521
0 0.02431
0 0.02825
1 0.04759
0 -0.02972
0 0.04933
0 -0.02406
0 -0.01108
0 0.04728
0 0.06535
0 -0.00254
0 -0.00224
0 -0.00398
0 -0.00111
0 0.09412
0 -0.02933
0 0.01071
0 0.05612
0 -0.02833
0 0.04425
0 -0.05092
0 -0.03746
0 0.04968
0 -0.05467
0 -0.01023
0 -0.01945
0 -0.01029
0 -0.0351
0 -0.0071
0 0.01711
0 0.04709
0 0.01779
1 -0.01226
0 0.03035
0 -0.04635
0 0.0063
0 0.01022
0 -0.00979
0 -0.06541
0 -0.00739
0 -0.00531
0 0.02667
0 -0.00623
0 -0.04658
0 -0.05826
0 -0.03334
0 -0.00688
0 0.08649
0 0.03566
0 -0.0376
0 0.03555
0 -0.01782
0 0.02308
1 -0.05609
0 -0.01148
0 0.06825
0 0.02488
0 -0.0296
0 0.00824
0 0.02633
0 -0.00951
1 0.01909
0 -0.02243
0 0.00935
0 0.07049
0 -0.05122
0 0.0951
0 0.01078
0 0.01491
0 -0.01092
0 0.04407
0 0.00317
0 -0.02446
0 0.01016
0 0.00678
0 -0.07873
0 0.01926
0 0.02044
0 -0.01466
0 0.00185
0 -0.01573
0 0.06908
0 -0.0102
0 0.01902
1 0.0484
0 -0.02129
0 -0.02002
0 -0.04376
0 -0.03559
0 0.02022
0 -0.02462
0 -0.02461
0 0.0221
0 0.04047
0 0.04515
0 0.01312
0 0.04932
0 -0.03578
0 -0.04944
0 0.07829
0 0.04124
0 0.01916
0 0.02853
0 -0.03075
0 -0.01313
0 -0.05356
0 0.01498
0 -0.01413
0 -0.01043
0 0.00745
0 0.01535
0 -0.02475
0 0.0222
0 -0.03636
0 0.01412
0 0.00763
0 0.02151
0 -0.02446
0 0.03894
0 -0.02756
0 0.02032
0 0.00096
0 0.04503
0 -0.02392
0 0.00179
0 0.05444
0 0.0371
0 -0.02728
0 0.06144
0 -0.00485
0 0.01635
0 -0.02319
0 0.07389
0 0.00016
0 -0.05905
0 -0.0423
0 -0.0517
0 -0.00852
0 0.03072
0 0.01646
0 -0.00975
0 -0.03867
0 -0.01803
0 0.04243
0 0.01792
0 -0.04187
0 -0.05096
0 0.05572
0 0.02624
0 -0.00149
0 -0.01125
0 0.03085
0 0.05072
0 -0.03846
0 -0.01057
0 0.0782
0 0.00238
0 0.05432
0 0.00267
0 -0.01818
0 0.01932
0 0.01151
0 -0.08172
0 0.022
0 0.01037
0 -0.05873
0 -0.04618
0 -0.01432
0 -0.00925
0 0.02965
0 -0.01483
0 0.03561
0 -0.02303
0 0.03241
0 -0.01229
0 0.00428
0 0.01165
0 -0.04484
0 0.06997
0 -0.06566
0 0.0184
0 0.06328
0 -0.01334
0 -0.00221
0 0.0088
0 0.04286
0 -0.07434
0 -0.04548
0 -0.04601
0 -0.02787
0 0.04849
0 -0.06545
0 -0.04994
0 -0.01145
0 -0.00155
0 0.04086
0 -0.05631
0 0.01586
0 0.0331
0 -0.00809
0 0.0412
0 -0.05215
0 0.01744
0 0.01121
0 0.00634
0 0.02716
0 0.02648
0 -0.00624
0 0.04801
0 0.01144
0 0.06797
0 0.02083
0 0.0444
0 0.04705
0 0.00026
0 -0.00141
0 -0.00206
0 -0.04783
0 0.04658
0 -0.01924
0 -0.03421
0 0.06163
0 0.00824
0 0.02147
0 -0.02123
0 -0.03271
0 -0.0345
0 0.03113
0 -0.07652
0 -0.04842
0 -0.06166
0 -0.00355
0 -0.02542
0 -0.03916
0 -0.02888
0 -0.02847
0 0.0466
0 -0.02562
0 -0.00098
1 0.08242
0 0.00686
0 -0.04036
0 0.05814
0 0.08258
0 -0.02631
0 -0.03964
0 0.01736
0 0.05766
0 0.00662
0 -0.03895
0 0.00342
0 0.05866
0 -0.02332
0 0.02134
0 -0.00741
0 0.04664
0 -0.00246
0 -0.06184
0 0.01966
0 0.00401
0 0.06318
0 -0.03199
0 -0.0227
0 0.04319
0 -0.0055
0 -0.07013
0 -0.0085
0 -0.02681
0 -0.01721
0 0.01728
0 0.00954
0 0.03504
0 -0.00466
0 0.02477
1 -0.00974
0 0.01851
0 -0.01105
0 -0.01836
0 -0.06259
0 0.00892
0 0.00888
0 -0.01544
0 -0.05718
0 0.04686
0 -0.00178
0 -0.06837
0 0.01288
0 -0.01944
0 -0.02913
0 -0.05712
0 -0.00766
0 0.01194
0 0.02004
0 -0.02144
0 0.00704
0 0.02804
0 0.0143
0 0.0247
0 0.07173
0 -0.01377
0 -0.0233
0 -0.03848
0 -0.01754
0 -0.04209
0 0.01778
0 -0.05362
0 0.00253
0 0.03373
0 -0.03602
0 -0.03579
0 0.00341
0 0.01515
0 0.01221
0 0.01632
0 0.06059
0 0.0075
0 -0.04956
0 0.01507
0 -0.06912
0 0.05651
0 0.00441
0 0.04903
0 0.05691
0 -0.07706
0 -0.0599
0 -0.0336
0 -0.01267
0 -0.0225
0 -0.0019
0 0.00039
0 0.04753
0 0.01434
0 -0.04175
0 0.00932
0 -0.01034
0 -0.03762
0 0.03101
0 -0.04301
0 0.01616
0 -0.01964
0 0.03408
0 0.02078
0 -0.04782
0 0.03377
0 0.01552
0 0.01012
0 0.00417
0 -0.04126
0 0.00783
0 -0.08006
0 0.03446
0 0.08606
0 -0.07932
0 0.00258
0 -0.05619
0 0.07255
0 0.01333
0 0.02347
0 0.05687
0 0.03795
0 -0.03495
0 -0.01576
0 0.0266
0 -0.01496
0 -0.00382
0 -0.01657
0 0.04642
0 0.06439
0 0.03261
0 0.01802
0 0.02529
0 -0.01201
0 0.02024
0 -0.00056
0 -0.02011
0 -0.07792
0 0.00232
0 0.05163
0 -0.03327
0 0.10133
0 0.01545
0 -0.04725
0 -0.05035
0 -0.01987
0 0.01158
0 -0.0153
0 0.01232
0 0.00346
0 0.01943
0 -0.02292
0 -0.02381
0 -0.03656
0 -0.00355
0 -0.02685
0 0.05921
0 -0.01726
0 0.02381
0 -0.01885
0 -0.02373
0 0.05911
0 -0.0207
0 0.01127
0 -0.01105
0 0.01873
0 0.09612
0 0.00147
0 -0.01348
0 -0.01198
0 -0.06933
1 -0.06166
0 0.00301
0 0.02187
0 0.02773
0 0.00459
0 0.02913
0 0.04255
0 0.00491
0 -0.00454
0 0.03845
0 0.02121
0 0.10183
0 0.07099
0 -0.04856
0 0.04575
0 -0.02357
0 -0.02178
0 -0.01115
0 0.05443
0 0.03361
0 0.07392
0 0.00105
0 -0.026
0 -0.05168
0 0.0292
0 0.00876
0 -0.00509
0 -0.09124
0 -0.01189
0 0.01291
0 0.00329
0 -0.01186
0 0.0215
0 -0.04728
0 -0.07331
0 0.07821
0 0.01988
0 -0.06087
0 0.00816
0 -0.04929
0 0.06692
0 0.01607
0 -0.0443
0 0.00431
0 0.01929
0 -0.00504
0 0.01723
0 0.01879
0 -0.02111
0 0.10476
0 0.0604
0 0.05007
0 -0.02967
0 -0.05876
0 0.04189
0 0.01266
0 0.03306
0 -0.10308
0 -0.01162
0 -0.02451
0 -0.02014
0 -0.02203
0 -0.02831
0 0.00931
0 -0.0712
0 -0.00135
0 0.01741
0 -0.01843
0 0.0523
0 -2e-05
0 0.05807
0 0.00732
0 -0.03628
0 0.03391
0 0.00037
0 0.0095
0 0.02149
0 0.01895
0 0.01433
0 0.06612
0 0.00381
0 0.08706
0 -0.05946
0 0.06301
0 0.05859
0 0.02572
0 0.07982
0 -0.03178
0 0.03122
0 0.0697
0 0.04362
0 0.01122
0 -0.00819
0 0.02563
0 0.0125
0 -0.00554
0 0.05445
0 0.02324
0 0.02441
0 -0.04862
0 -0.03857
0 0.00768
0 0.0176
0 0.01292
0 -0.08731
0 -0.03167
0 0.03495
0 0.02618
0 0.04013
0 0.01108
0 -0.04274
0 0.03994
0 0.01352
0 -0.02559
0 -0.05702
0 -0.0185
0 0.00167
0 -0.01188
0 0.03942
0 -0.02275
0 -0.04829
0 0.04578
0 0.00826
0 -0.02807
0 -0.02306
0 -0.00891
0 0.0059
0 -0.04523
0 -0.01023
0 -0.05854
0 -0.00819
0 0.0113
0 0.02959
0 0.03641
0 0.01524
0 -0.01482
0 -0.02821
0 -0.03875
0 -0.01
0 -0.01088
0 0.00713
0 -0.02719
0 0.01925
0 -0.02449
0 0.03036
0 0.02678
0 -0.0172
0 -0.06172
0 0.04792
0 0.0284
0 0.00676
0 0.02189
0 -0.10637
0 -0.01941
0 -0.0332
0 -0.00834
0 -0.01826
0 -0.02449
0 -0.02424
0 -0.0053
0 -0.02865
0 -0.04342
0 -0.04169
0 0.00311
0 -0.00564
0 -0.02752
0 0.07214
0 0.00766
0 0.01926
0 -0.02816
0 0.06168
0 0.01375
0 -0.0473
0 0.02459
0 0.03426
0 -0.05915
0 0.00202
0 -0.00334
0 0.00421
0 -0.04641
0 0.00686
0 0.01802
0 -0.04745
0 -0.02719
0 -0.00704
0 0.00271
0 -0.03213
0 0.01543
0 0.03542
0 -0.02264
0 0.02511
0 0.01839
0 0.05051
0 0.01797
0 0.00569
0 0.03039
0 -0.00987
0 0.03207
0 -0.02438
0 -0.02831
0 0.01321
0 0.01215
0 0.09096
0 0.02938
0 0.00747
0 -0.00116
0 0.02594
0 0.00348
0 -0.01451
0 0.00708
0 -0.00948
0 -0.02156
0 -0.00024
0 -0.02819
0 -0.04046
0 0.00234
0 -0.00828
0 -0.05999
0 -0.00329
0 0.04411
0 -0.0175
0 0.03297
0 -0.00646
0 -0.00481
0 -0.03978
0 0.03417
0 0.09023
0 -0.03784
0 0.01189
0 0.0759
0 -0.03351
0 -0.03329
0 -0.00859
0 -0.03464
0 -0.01152
0 -0.04802
0 0.04634
0 0.01985
0 0.05472
0 0.01525
0 -0.06141
0 0.039
0 0.04337
0 0.01847
0 0.03786
0 -0.08038
0 0.00286
0 -0.01073
0 -0.01128
0 0.02628
0 -0.00966
0 -0.03285
0 -0.01392
0 0.05318
0 0.03011
0 0.00352
0 -0.01724
0 -0.04693
0 0.02037
0 0.06881
0 -0.00508
0 -0.00295
0 0.02802
0 -0.01568
0 0.03233
0 -0.06351
0 -0.0188
0 -0.01265
0 0.0146
0 0.00017
0 0.05565
0 -0.00043
0 0.02344
0 -0.02856
0 -0.01408
0 0.00928
0 -0.03988
0 0.04034
0 0.00146
0 -0.00502
0 -0.04175
0 0.00614
0 -0.04968
0 0.0883
0 -0.04388
0 -0.0171
0 0.00236
0 0.08608
0 -0.00343
0 -0.05217
0 0.00863
0 -0.05998
0 -0.04756
0 0.04725
0 0.02184
0 -0.05404
0 -0.02905
0 0.08808
0 -0.02714
0 -0.03872
0 -0.01098
0 0.03415
0 -0.04454
0 -0.07686
0 -0.06667
0 -0.03428
0 -0.02542
0 -0.04287
0 0.01944
0 0.00393
0 0.014
0 -0.04156
0 -0.05234
0 -0.00541
0 -0.00567
0 -0.01153
0 0.01762
0 0.02814
0 -0.01251
0 0.0109
1 -0.00614
0 0.05104
0 -0.00488
0 0.07732
0 -0.02314
0 0.01142
0 0.05551
0 0.00526
0 -0.01046
0 0.01717
0 0.02369
0 0.01054
0 -0.03128
0 -0.00621
0 -0.01068
0 0.04112
0 0.03685
0 -0.05061
0 -0.04988
0 0.01715
0 0.00287
0 0.06
0 0.04217
0 0.01967
0 0.0528
0 0.00453
0 0.0217
0 -0.05261
0 0.01185
0 -0.03426
0 -0.04321
0 0.00929
0 0.01504
0 0.02697
0 0.01156
0 -0.00653
0 -0.04482
0 -9e-05
0 -0.0689
0 -0.0083
0 -0.02591
0 0.02934
0 -0.02916
0 0.00695
0 -0.02658
0 -0.02891
0 -0.05276
0 -0.02687
0 -0.03565
0 -0.04988
0 0.00821
0 0.05327
0 -0.0023
0 -0.03506
1 -0.00294
0 0.01199
0 0.02509
0 -0.00529
0 0.04964
0 -0.01524
0 0.01518
0 -0.06989
0 0.01373
0 0.04112
0 0.03013
0 0.0822
0 -0.02889
0 0.04284
0 0.02164
0 0.05594
0 -0.02184
0 -0.01451
0 -0.01785
0 -0.00997
0 -0.00917
0 0.03588
0 0.02011
0 0.02163
0 0.01834
0 0.0258
0 -0.00348
0 -0.01548
0 -0.01832
0 0.0313
0 -0.04931
0 0.04457
0 -0.01143
0 -0.01648
0 -0.04051
0 0.05012
0 -0.03099
0 -0.03529
0 -0.01716
0 -0.03409
0 0.0182
0 0.03002
0 0.01198
0 0.03155
0 0.05375
0 -0.00552
0 -0.03105
0 0.07879
0 -0.05256
0 -0.0315
0 0.02491
0 -0.03157
0 -0.03888
0 0.01069
0 -0.01931
0 -0.01735
0 -0.01896
0 -0.02806
0 -0.01566
0 0.01519
0 0.00281
0 0.02043
0 -0.07536
0 0.07025
0 -0.01849
0 -0.01838
0 0.02777
0 -0.01448
0 -0.01486
0 0.003
0 0.07973
0 -0.04239
0 -0.07156
0 0.00425
0 -0.00583
0 -0.08636
0 -0.05072
0 -0.06295
0 -0.09929
0 -0.00379
0 0.00654
0 0.03578
0 -0.00364
0 0.01594
0 -0.05925
0 0.02546
0 -0.02213
0 0.0017
0 0.04037
0 0.0206
0 -0.0275
0 0.02059
0 -0.02354
0 0.02727
0 0.0032
0 0.01571
0 0.01662
0 0.00085
0 0.04134
0 0.00982
0 0.04537
0 0.00071
0 0.06852
0 0.04448
0 0.01116
0 0.00501
0 0.0262
0 0.04701
0 -0.00935
0 0.00482
0 -0.02948
0 0.04725
0 0.00478
0 0.01584
0 -0.05958
0 0.02757
0 -0.06054
0 0.0511
0 -0.09181
0 0.03497
0 -0.00972
0 -0.00844
0 -0.00242
0 -0.07721
0 0.01362
0 0.01152
0 0.07815
0 -0.02871
0 -0.0525
0 -0.0702
0 -0.0038
0 -0.02723
0 -0.00195
0 -0.03956
0 -0.00458
0 -0.02822
0 0.00327
0 0.02333
0 0.02587
0 -0.03993
0 -0.04388
0 -0.04729
0 -0.00334
0 0.01335
0 -0.07828
0 0.04704
0 -0.04964
0 -0.00637
0 0.04559
0 -0.03626
0 0.00105
0 -0.01309
0 -0.01149
0 0.02352
0 0.03723
0 0.0119
0 0.01005
0 -0.00793
0 0.02279
0 0.05148
0 -0.00469
0 -0.03035
0 -0.08103
0 -0.00516
0 -0.04149
0 0.03581
0 0.02429
0 0.06676
0 -0.05662
0 -0.04605
0 -0.04708
0 0.03672
0 0.02634
0 0.06083
0 -0.02509
0 -0.00777
0 -0.01921
0 -0.00103
0 -0.03186
0 -0.06949
0 -0.05869
0 -0.06831
0 0.05199
0 0.08676
0 0.03948
0 -0.05135
0 0.02499
0 -0.01291
0 -0.00576
0 0.00822
0 0.00291
0 0.08598
0 -0.07919
0 -0.02347
0 -0.02566
0 0.04119
0 0.00123
0 0.04909
0 0.04518
0 0.02503
0 -0.00942
0 0.04399
0 0.03758
0 0.04733
0 0.05721
0 0.02432
0 -0.01557
0 0.01186
0 -0.03014
0 0.01513
0 -0.03682
0 -0.025
0 0.00722
0 -0.02404
0 -0.04664
0 0.02607
0 0.02163
0 -0.02885
0 0.02962
0 0.02233
0 0.06786
0 -0.02676
0 0.03478
0 0.03724
0 0.03708
0 -0.04722
0 0.04327
0 0.05085
0 -0.04203
0 0.03719
0 -0.03559
0 0.0459
0 0.01021
0 -0.04772
0 -0.00611
0 0.02535
0 2e-04
0 -0.02855
0 0.00815
0 0.04488
0 -0.06166
0 -0.08549
0 -0.02794
0 -0.03064
0 0.00747
0 -0.01541
0 0.01287
0 -0.01666
0 -0.00943
0 -0.05979
0 0.01638
0 -0.06766
0 0.0171
0 -0.0238
0 -0.0085
0 0.01947
0 0.01172
0 -0.03125
0 0.0226
0 -0.07068
0 0.12934
0 -0.04514
0 -0.03836
0 0.03668
0 0.03909
0 -0.03448
0 -0.01159
0 0.01951
0 -0.0831
0 0.01235
0 0.0392
0 0.00224
0 -0.02699
0 0.01418
0 0.01145
0 0.13293
0 0.00524
0 -0.01826
0 0.03893
0 0.01795
0 0.03302
0 0.02593
0 0.05509
0 -0.05034
0 0.01547
0 -0.03418
0 -0.00207
0 -0.00028
0 0.01648
0 0.04335
0 -0.01236
1 0.08114
0 0.02864
0 0.04512
0 -0.00275
0 -0.00232
0 0.01812
0 0.03587
0 0.02591
0 0.04127
0 -0.01151
0 0.01855
0 -0.02826
0 -0.04608
0 0.0632
0 0.00573
0 -0.00229
0 0.03021
0 0.01167
0 -0.04942
0 0.04131
0 -0.01768
0 -0.0067
0 0.02179
0 -0.01957
0 0.02874
0 0.01073
0 -0.01266
0 0.02433
0 -0.02785
0 -0.01236
0 -0.0151
0 -0.06467
0 0.04152
0 0.00184
0 -0.07285
0 0.03069
0 0.10669
0 0.03142
0 -0.03107
0 -0.0629
0 -0.01965
0 -0.01135
0 -0.03724
0 0.01392
0 0.01397
0 -0.00434
0 0.00917
0 -0.0042
0 -0.01357
0 -0.00596
0 0.02308
0 0.00812
0 -0.03189
0 0.00841
0 -0.01756
0 -0.05267
0 -0.03175
0 0.01485
0 -0.01263
0 0.05169
0 -0.01365
0 0.0517
0 -0.04976
0 0.01743
0 0.02063
0 -0.04256
0 0.03274
0 -0.04301
0 -0.00607
0 -0.03198
0 -0.03234
0 -0.04844
0 -0.02701
1 0.05065
0 -0.05792
0 -0.01287
0 0.01993
0 -0.01127
0 0.02518
1 0.01852
0 0.00768
0 -0.06456
0 0.00262
0 -0.01254
0 0.02485
0 -0.05234
0 -0.02842
0 -0.03204
0 -0.03864
0 -0.06447
0 0.0409
0 -0.04509
0 0.03091
0 0.02541
0 -0.01169
0 0.01342
0 -0.03037
0 0.07019
0 0.03333
0 -0.06529
0 0.00291
0 0.06451
0 0.01686
0 -0.0105
0 -0.02833
0 0.0273
0 -0.00689
0 -0.00785
0 -0.01074
0 -0.00369
0 0.0836
0 0.04457
0 -0.04271
0 -0.05093
0 -0.04397
0 0.01245
0 0.00039
0 -0.03127
0 -0.05027
0 -0.04885
0 -0.0421
0 0.04292
1 0.03696
0 -0.01165
0 -5e-05
0 -0.00108
0 0.0041
0 -0.08198
0 0.11
0 0.00973
0 0.02576
0 -0.01371
0 -0.04876
0 0.05113
0 -0.01741
0 -0.02778
0 -0.01637
0 -0.00623
0 -0.07908
0 -0.03315
0 0.00638
0 0.00137
0 -0.00339
0 0.0021
0 0.06197
0 -0.00517
0 -0.006
0 -0.02552
0 -0.00079
0 0.00703
0 -0.03908
0 -0.00439
0 -0.01324
0 0.03578
0 -0.00781
0 -0.06127
0 0.02791
0 -0.00625
0 -0.01833
0 -0.02284
0 -0.01619
0 -0.04897
0 -0.02045
0 0.01433
0 0.01597
0 -0.04745
0 0.03647
0 -0.02179
0 -0.01303
0 0.01976
0 -0.0366
0 0.00156
0 -0.00542
0 0.01549
0 0.00453
0 -0.03764
0 -0.02338
0 -0.00908
0 0.03902
0 0.00285
0 -0.0208
0 -0.02419
0 -0.05818
0 0.00055
0 -0.06204
0 -0.01111
0 -0.07299
0 0.05239
0 0.03692
0 -0.01409
0 -0.0542
1 -0.03733
0 0.03862
0 0.03566
0 0.01854
0 -0.0558
0 -0.01223
0 -0.05719
0 -0.0204
0 -0.02338
0 -0.00734
0 0.00544
0 -0.04419
0 -0.04991
0 0.07004
0 0.00503
0 -0.03113
0 0.01758
0 0.03921
0 0.02717
0 -0.02751
0 0.02634
0 -0.0028
0 -0.01801
0 -0.00524
0 0.02209
0 0.03016
0 0.02357
0 0.05617
0 -0.02035
0 0.02439
0 -0.05503
0 -0.04171
