1415 1
0.89223
0.04911
0.10621
0.50673
0.01204
0.71447
0.82708
0.95586
0.83665
0.57298
0.58548
0.41139
0.82703
0.43842
0.00219
0.41954
0.98571
0.92084
0.66005
0.04536
0.53647
0.42619
0.04387
0.08851
0.15645
0.82805
0.72342
0.76347
0.42304
0.96899
0.69518
0.53623
0.53924
0.08313
0.37998
0.26212
0.7496
0.98838
0.02508
0.16098
0.2059
0.99812
0.8078
0.0844
0.89241
0.50322
0.22943
0.97417
0.16647
0.32895
0.9806
0.23463
0.02704
0.84036
0.39066
0.77777
0.58138
0.33879
0.49823
0.21512
0.52219
0.70016
0.96828
0.33143
0.41791
0.8617
0.99997
0.59306
0.67165
0.01225
0.4512
0.99791
0.32152
0.45173
0.0097
0.74502
0.85756
0.21152
0.98955
0.96522
0.95971
0.3289
0.93475
0.01824
0.06601
0.85617
0.35926
0.00932
0.10315
0.5951
0.16681
0.74395
0.88132
0.69339
0.40412
0.33903
0.74271
0.43626
0.88507
0.58959
0.04553
0.61611
0.18442
0.75544
0.13764
0.25296
0.13616
0.63239
0.11618
0.95068
0.25869
0.87507
0.30911
0.87218
0.62715
0.84944
0.1221
0.68213
0.01602
0.58822
0.0702
0.05895
0.33695
0.20313
0.0694
0.15847
0.34348
0.2106
0.05995
0.80501
0.48101
0.66207
0.35408
0.53949
0.4012
0.69657
0.00353
0.01507
0.49868
0.31583
0.39491
0.63735
0.01203
0.0896
0.05651
0.42361
0.13168
0.01347
0.14835
0.94552
0.09571
0.34781
0.79098
0.67492
0.26494
0.37062
0.58459
0.18033
0.57118
0.68324
0.51872
0.88803
0.94899
0.00975
0.06221
0.40886
0.63035
0.99371
0.86625
0.52491
0.43758
0.79151
0.97303
0.05802
0.1627
0.88267
0.28253
0.92838
0.96567
0.7592
0.34371
0.43411
0.03271
0.00369
0.12849
0.87573
0.99842
0.99436
0.98842
0.01138
0.96683
0.5704
0.99924
0.09127
0.03201
0.0025
0.02422
0.86003
0.0201
0.99557
0.20516
0.03373
0.8581
0.41186
0.28422
0.35228
0.9337
0.28864
0.09169
0.96689
0.41019
0.52295
0.99834
0.66827
0.91585
0.03149
0.99913
0.4298
0.68785
0.64347
0.85755
0.22606
0.49001
0.99347
0.7054
0.51232
0.21218
0.017
0.95539
0.80631
0.83882
0.12405
0.86192
0.97451
0.78916
0.97659
0.74417
0.67743
0.64012
0.2087
0.63978
0.20119
0.02111
0.64001
0.34377
0.81028
0.77477
0.15276
0.98044
0.50508
0.95706
0.00337
0.72636
0.87485
0.35809
0.15001
0.33714
0.68179
0.86175
0.62485
0.11895
0.12041
0.99108
0.06337
0.08002
0.96758
0.97236
0.88396
0.98722
0.08761
0.11719
0.22978
0.9412
0.00184
0.97005
0.01317
0.21431
0.45371
0.96644
0.51738
0.91065
0.74763
0.69327
0.1205
0.63602
0.95142
0.20397
0.36487
0.26139
0.03269
0.94308
0.99718
0.18386
0.56372
0.94842
0.43823
0.6741
0.70599
0.99109
0.59692
0.40516
0.74851
0.16772
0.63555
0.39998
0.55926
0.29077
0.38508
0.87258
0.92992
0.09904
0.88803
0.9971
0.67475
0.82631
0.25266
0.98934
0.69785
0.02838
0.81236
0.33677
0.04466
0.37779
0.95293
0.52702
0.70536
0.98373
8e-05
0.24111
0.82327
0.42985
0.01183
0.95546
0.12223
0.41854
0.56271
0.94446
0.95803
0.12566
0.08956
0.95689
0.32626
0.29347
0.45693
0.99066
0.97631
0.05871
0.8596
0.20837
0.13616
0.37559
0.8517
0.99934
0.03991
0.73576
0.40184
0.03396
0.95912
0.89941
0.78334
0.48178
0.60997
0.59188
0.95089
0.37682
0.95504
0.9514
0.02294
0.75502
0.10363
0.7133
0.08897
0.96485
0.68069
0.82101
0.9071
0.14829
0.5302
0.26273
0.29755
0.14669
0.80908
0.8696
0.81434
0.06629
0.94534
0.11699
0.32897
0.5288
0.77549
0.81557
0.10622
0.67827
0.99455
0.33338
0.21328
0.78575
0.99216
0.97285
0.21001
0.21907
0.04504
0.91356
0.43905
0.95449
0.98805
0.26101
0.78448
0.58923
0.34087
0.84035
0.59793
0.51024
0.05848
0.0421
0.09414
0.01741
0.91624
0.06047
0.30319
0.54536
0.97386
0.79108
0.69015
0.57944
0.82939
0.45252
0.98487
0.09362
0.97979
0.60348
0.89615
0.67765
0.68216
0.39518
0.95074
0.21075
0.07063
0.09772
0.45001
0.19128
0.21048
0.73091
0.16201
0.42441
0.61514
0.97883
0.59582
0.99858
0.97481
0.7403
0.07561
0.58504
0.11663
0.45017
0.20824
0.41215
0.52296
0.9183
0.94848
0.76215
0.81905
0.03562
0.60563
0.00433
0.66096
0.14731
0.78574
0.35199
0.32926
0.73366
0.01545
0.17417
0.37521
0.75401
0.99864
0.001
0.79493
0.31293
0.70477
0.6004
0.89341
0.3497
0.5525
0.23521
0.90453
0.13702
0.44069
0.84872
0.11581
4e-05
0.05703
0.91019
0.06331
0.51788
0.32026
0.23378
0.88968
0.02935
0.32665
0.83158
0.0221
0.22418
0.10581
0.5818
0.84781
0.62632
0.38854
0.08523
0.38051
0.34055
0.02849
0.3146
0.97818
0.38226
0.77251
0.52522
0.63994
0.83834
0.19418
0.92258
0.80009
0.21657
0.53199
0.1546
0.37544
0.76181
0.77326
0.48853
0.42196
0.90843
0.67781
0.43263
0.39742
0.92147
0.8816
0.99721
0.27025
0.99931
0.15879
0.73345
0.89936
0.97866
0.02598
0.00229
0.96482
0.80744
0.56275
0.87941
0.80745
0.63148
0.80802
0.19369
0.41936
0.0783
0.07858
0.51165
0.03255
0.24644
0.02049
0.01656
0.46533
0.70972
0.52847
0.94767
0.05232
0.24149
0.80451
0.59347
0.48684
0.97475
0.52758
0.02342
0.43579
0.99268
0.8284
0.59085
0.17173
0.53395
0.77072
0.8767
0.88412
0.36175
0.83834
0.08533
0.30078
0.42121
0.95304
0.06905
0.60133
0.86231
0.11824
0.0097
0.62043
0.84497
0.8491
0.73621
0.47878
0.2259
0.65914
0.45828
0.98376
0.22352
0.67788
0.61594
0.51902
0.01893
0.73563
0.93496
0.95937
0.16849
0.28157
0.98846
0.4434
0.04023
0.19323
0.02131
0.23741
0.18277
0.37064
0.71757
0.04795
0.17812
1e-05
0.86947
0.71652
0.41504
0.65134
0.93224
0.83236
0.26297
0.98957
0.30528
0.07614
0.38942
0.24249
0.95047
0.99981
0.99473
0.04034
0.77565
0.87347
0.88693
0.56459
0.36748
0.17592
0.47222
0.62885
0.98051
0.19194
0.20253
0.22465
0.80371
0.52927
0.49745
0.03926
0.06623
0.04473
0.99591
0.22091
0.36679
0.01075
0.07252
0.72895
0.97895
0.61105
0.96855
0.72502
0.99255
0.0207
0.80051
0.23077
0.99991
0.65806
0.47844
0.91943
0.51243
0.8477
0.4021
0.46552
0.98443
0.74065
0.00449
0.52191
0.05972
0.85737
0.44971
0.00584
0.29251
0.51573
0.74381
0.07433
0.54734
0.84767
0.59232
0.59773
0.39667
0.0848
0.81592
0.53341
0.96196
0.99995
0.31647
0.84048
0.86519
0.40068
0.93926
0.67405
0.27316
0.10321
0.8468
0.65401
0.45995
0.00274
0.3139
0.40187
0.68967
0.25994
0.62919
0.81857
0.65692
0.13358
0.9201
0.17837
0.00282
0.32556
0.66093
0.03964
0.45186
0.9865
0.94779
0.92808
0.14304
0.00676
0.8615
0.04361
0.98907
0.15064
0.01747
0.10246
0.51329
0.5229
0.07859
0.96544
0.82837
0.99383
0.69812
0.14006
0.58508
0.72911
0.21731
0.09218
0.45951
0.8925
0.75493
0.98901
0.0279
0.59873
0.96028
0.12983
0.02346
0.95724
0.81809
0.96476
0.48833
0.09505
0.63126
0.03369
0.99732
0.92075
0.06553
0.92233
0.17849
0.52533
0.25955
0.7954
0.96881
0.59501
0.08903
0.24696
0.99976
0.54037
0.58731
0.92904
0.21682
0.05929
0.93377
0.52035
0.10624
0.20588
0.14889
0.63026
0.82969
0.32215
0.77293
0.54751
0.8205
0.1099
0.86162
0.23765
0.24687
0.49844
0.05283
0.16794
0.11315
0.74378
0.73227
0.96368
0.76685
0.04191
0.20873
0.1821
0.01974
0.59615
0.39736
0.46015
0.26388
0.19134
0.58664
0.01317
0.02546
0.59407
0.00202
0.85589
0.70622
0.34692
0.4043
0.61694
0.99444
0.80181
0.33881
0.05852
0.7643
0.05738
0.71693
0.95146
0.00307
0.98248
0.0898
0.11481
0.54486
0.28374
0.19408
0.28931
0.93689
0.96957
0.59998
0.91125
0.3633
0.5428
0.01312
0.00531
0.92878
0.47661
0.93599
0.85858
0.46634
0.91098
0.92485
0.09525
0.76065
0.16786
0.05217
0.56797
0.8314
0.45152
0.41031
0.77871
0.99861
0.25253
0.53704
0.27947
0.99706
0.22662
0.00773
0.27025
0.60346
0.00141
0.49686
0.29405
0.39877
0.06526
0.91972
0.11371
0.43341
0.14714
0.27256
0.0137
0.09842
0.66601
0.24117
0.0443
0.87824
0.17201
0.0244
0.1873
0.73055
0.89302
0.5474
0.16636
0.4002
0.66042
0.83324
0.83897
0.00082
0.80878
0.3153
0.96018
0.08384
0.67208
0.02749
0.90479
0.96471
0.26603
0.85337
0.30709
0.50897
0.09399
0.46017
0.70911
0.51793
0.18655
0.42507
0.78963
0.77874
0.99999
0.8642
0.52226
0.68994
0.98321
0.12884
0.90493
0.84219
0.73468
0.559
0.69442
0.98553
0.78824
0.18593
0.81276
0.31495
0.01506
0.26642
0.06733
0.70217
0.22041
0.68676
0.98146
0.87843
0.94858
0.21609
0.8466
0.49242
0.86542
0.23744
0.11245
0.02788
0.83853
0.16305
0.76017
0.57372
0.38734
0.03788
0.79407
0.29951
0.28908
0.9994
0.83252
0.16784
0.0054
0.05416
0.16641
0.21299
0.73106
0.94191
0.14907
0.15801
0.02176
0.89467
0.6592
0.12454
0.9271
0.97892
0.14613
0.83269
0.02057
0.07775
0.896
0.99899
0.93038
0.55516
0.03843
0.19966
0.0222
0.4028
0.97346
0.57278
0.96453
0.3176
0.18763
0.72007
0.99531
0.12841
0.69324
0.32114
0.62647
0.48389
0.18564
0.65475
0.26067
0.98514
0.33965
0.0273
0.83256
0.41929
0.02512
0.00411
0.97888
0.95926
0.50819
0.27557
0.03506
0.99767
0.19535
0.86749
0.71168
0.90344
0.456
0.63029
0.81323
0.19864
0.34099
0.4423
0.11202
0.99457
0.41151
0.6569
0.77219
0.61545
0.90927
0.61094
0.64233
0.25829
0.06938
0.32856
0.96798
0.52993
0.40962
0.92911
0.38827
0.56492
0.28146
0.10013
0.80569
0.89847
0.15806
0.24242
0.21474
0.52855
0.40322
0.30962
0.9459
0.83273
0.84296
0.83606
0.68228
0.98349
0.70829
0.15899
0.14731
0.02739
0.98308
0.02002
0.03255
0.05239
0.00706
0.3776
0.98304
0.88491
0.94907
0.08052
0.91272
0.07363
0.78275
0.89166
0.00995
0.40603
0.03716
0.87581
0.73123
0.32053
0.6743
0.37778
0.85243
0.08495
0.16966
0.89585
0.01104
0.53946
0.17722
0.60446
0.02142
0.56503
0.12802
0.30912
0.24082
0.59912
0.40297
0.91679
0.68468
0.47861
0.01383
0.44202
0.87369
0.00279
0.35113
0.19878
0.72299
0.07026
0.57655
0.93484
0.32174
0.4242
0.80037
0.18341
0.45454
0.73437
0.94993
0.00034
0.04039
0.94523
0.21678
0.07049
0.252
0.95351
0.36709
0.27265
0.18806
0.17772
0.10175
0.77547
0.93997
0.80258
0.81159
0.86593
0.77721
0.02322
0.99944
0.03579
0.01548
0.9427
0.60096
0.49209
0.57569
0.90052
0.50162
0.60286
0.96484
0.99115
0.18833
0.9883
0.52798
0.00114
0.14156
0.77441
0.79687
0.996
0.67922
0.54881
0.32338
0.33097
0.8939
0.98604
0.70339
0.94167
0.16805
0.92383
0.04616
0.05622
0.66009
0.15493
0.73725
0.82665
0.01601
0.85919
0.12682
0.03135
0.60707
0.09661
0.07983
0.213
0.5927
0.24816
0.99651
0.2645
0.98649
0.29237
0.99958
0.00623
0.41255
0.1006
0.08344
0.24204
0.6058
0.24798
0.45752
0.0825
0.29368
0.50093
0.18032
0.51176
0.04162
0.82024
0.04685
0.10584
0.16473
0.4689
0.43282
0.04441
0.80738
0.03949
0.47409
0.59435
0.93155
0.04696
0.66599
0.91409
0.88085
0.50433
0.11133
0.13472
0.09632
0.72291
0.80194
0.01393
0.63728
0.25176
0.7786
0.0079
0.68829
0.21879
0.5902
0.79478
0.06416
0.8192
0.73067
0.31354
0.05817
0.8343
0.63003
0.88259
0.18195
0.38429
0.14437
0.05088
0.1969
0.0224
0.64442
0.29719
0.23019
0.4214
0.88854
0.07569
0.79117
0.04476
0.80793
0.32791
0.13978
0.00277
0.12234
0.73129
0.80048
0.90235
0.01954
0.95219
0.71013
0.01966
0.05476
0.43002
0.61834
7e-05
0.78006
0.90149
0.4535
0.89905
0.42417
0.07806
0.83953
0.81953
0.32668
0.89559
0.4482
0.54311
0.11687
0.19057
0.09017
0.73308
0.94614
0.01443
0.11268
0.79115
0.93535
0.1435
0.32137
0.25082
0.51483
0.5167
0.16173
0.11685
0.42874
0.91604
0.23382
0.00242
0.92444
0.91423
0.01929
0.72071
0.48885
0.07229
0.86235
0.65047
0.9681
0.86756
0.40977
0.15882
0.58707
0.00305
0.35586
0.85789
0.126
0.61704
0.59491
0.54473
0.6079
0.63853
0.97041
0.37932
0.9984
0.05912
0.98859
0.53202
0.88134
0.96447
0.03035
0.46955
0.80401
0.50563
0.98675
0.11518
0.18152
0.69479
0.72533
0.70256
0.87007
0.76965
0.04456
0.43651
0.59159
0.91014
0.68722
0.22377
0.99627
0.99137
0.17524
0.00067
0.15979
0.00298
0.10476
0.76092
0.69451
0.69666
0.3562
0.2655
0.78788
0.70887
0.9752
0.03992
0.42537
0.6772
0.9988
0.8298
0.03732
0.01545
0.11799
0.41887
0.32061
0.9286
0.00133
0.01221
0.00382
0.25311
0.74367
0.1021
0.87323
0.13981
0.20587
0.87001
0.09723
0.49178
0.4707
0.17635
0.0618
0.96292
0.5371
0.75391
0.01303
0.26226
0.41144
0.71012
0.53043
0.95475
0.43334
0.9216
0.37815
0.01547
